1965 1986  = 1st & last year of tagging. Ignore 1950 off Africa, Canada 1960, 65 & 68 (1968 whale was recovered next day)
38           NR = no. of release operations
94         = NRECOV recoveries in all

 Op  Ar FYr  Rel NoRec SSRec OthRec  Rec RecA RecYr   A  Year  Op#
  1  1  1966  78   50     4     24                    C  1966   1
                                       6   1   1967   C
                                      10   1   1968   C
                                       4   1   1969   C
                                       3   1   1970   C
                                       1   1   1971   C
  2  1  1967  53   48     1      4                    C  1967   2
                                       1   1   1968   C
                                       1   1   1969   C
                                       1   1   1971   C
                                       1   1   1972   C
  3  1  1969  46   45     0      1                    C  1969   3
                                       1   1   1971   C
  4  1  1970   3    2     1      0                    C  1970   4
  5  1  1971  19   18     0      1                    C  1971   5
                                       1   1   1972   C
  6  1  1972  59   57     2      0                    C  1972   6
  7  1  1973  12   12     0      0                    C  1973   7
  8  1  1976   2    2     0      0                    C  1976   8
  9  1  1979  27   26     0      1                    C  1979   9
                                       1   4   1988   WI
 10  2  1967   5    5     0      0                    WG 1967  10
 11  2  1973   3    3     0      0                    WG 1973  11
 12  2  1979   3    3     0      0                    WG 1979  12
 13  2  1980   8    8     0      0                    WG 1980  13
 14  2  1981   4    4     0      0                    WG 1981  14
 15  2  1986   1    1     0      0                    WG 1986  15
 16  3  1967   8    8     0      0                    EG 1967  16
 17  3  1968  15   12     1      2                    EG 1968  17
                                       1   4   1969   WI
                                       1   4   1977   WI
 18  3  1970   3    3     0      0                    EG 1970  18
 19  3  1971   2    2     0      0                    EG 1971  19
 20  3  1973   3    2     0      1                    EG 1973  20
                                       1   4   1983   WI
 21  3  1981  26   25     0      1                    EG 1981  21
                                       1   4   1989   WI
 22  3  1983   5    5     0      0                    EG 1983  22
 23  3  1984  31   29     0      2                    EG 1984  23
                                       1   4   1986   WI
                                       1   4   1988   WI
 24  4  1965  13    8     0      5                    WI 1965  24
                                       3   4   1966   WI
                                       1   4   1972   WI
                                       1   4   1973   WI
 25  4  1968   2    2     0      0                    WI 1968  25
 26  4  1970   1    1     0      0                    WI 1970  26
 27  4  1972   3    2     1      0                    WI 1972  27
 28  4  1979  33   27     1      5                    WI 1979  28
                                       2   4   1980   WI
                                       1   4   1981   WI
                                       1   4   1982   WI
                                       1   4   1983   WI
 29  4  1980  11    8     1      2                    WI 1980  29
                                       1   4   1982   WI
                                       1   4   1984   WI
 30  4  1981  62   43     4     15                    WI 1981  30
                                       5   4   1982   WI
                                       3   4   1983   WI
                                       4   4   1984   WI
                                       3   4   1985   WI
 31  4  1982  52   41     3      8                    WI 1982  31
                                       1   4   1983   WI
                                       4   4   1984   WI
                                       1   4   1985   WI
                                       1   4   1986   WI
                                       1   4   1989   WI
 32  4  1983  10    8     0      2                    WI 1983  32
                                       1   4   1988   WI
                                       1   4   1989   WI
 33  5  1982  14   13     1      0                    EI 1982  33
 34  5  1984   7    7     0      0                    EI 1984  34
 35  6  1978  24   24     0      0                    N  1978  35
 36  7  1981   3    3     0      0                    SP 1981  36
 37  7  1982   2    2     0      0                    SP 1982  37
 38  7  1983  17   17     0      0                    SP 1983  38
     -1      670  576    20     74    74

